HD 98800        11 22 05.29 -24 46 39.8  2000
HD 139614       15 40 46.38 -42 29 53.5  2000
HD 142666       15 56 40.02 -22 01 40.0  2000
HD 143006       15 58 36.9  -22 57 15    2000
HD 135344       15 15 48.44 -37 09 16.02 2000
hd 100546       11 33 25.44 -70 11 41.24 2000
HD 46223        06 32 09.31 +04 49 24.71 2000
HD 46150        06 31 55.52 +04 56 34.29 2000
HD 46485        06 33 50.96 +04 31 31.60 2000
HD 93250        10 44 45.03 -59 33 54.68 2000
HD 93403        10 45 44.12 -59 24 28.14 2000
T Cha           11 57 13.5  -79 21 31.54 2000
HD 102260       11 45 13.8  -78 36 58.60 2000
CS Cha          11 02 24.9  -77 33 35.72 2000
HD 97240        11 09 18.1  -77 47 39.9  2000
HD 97240b       11 05 00.0  -77 40 00.0  2000
Tw Hya          11 01 51.9  -34 42 17.02 2000
HD 95556        11 01 16.78 -33 32 17.73 2000
HD 135344B      15 15 48.4  -37 09 16.0  2000
HD 134555       15 11 43.94 -37 16 19.24 2000
SR 21           16 27 10.28 -24 19 12.7  2000
Elia 2-37       16 28 03.7  -24 26 32.0  2000
irs 48          16 27 37.19 -24 30 34.83 2000
wasp34          11 01 35.9  -23 51 38.4  2000
HD 106133       12 13 10.11 -80 49 42.91 2000
HD 107863       12 24 28.12 -77 12 52.91 2000
HD 136312       15 21 17.94 -37 36 17.73 2000 
HD 136312       15 21 17.94 -37 36 17.73 2000 
HD 95697        11 02 31.26 -23 05 20.41 2000
HD 101251       11 37 49.22 -79 14 31.61 2000
Elia 2-35       16 27 46.69 -24 23 22.10 2000
Elia 2-15       16 26 05.89 -24 42 53.40 2000
HD68146         08 10 39.83 -13 47 57.15 2000
HD 67352        08 07 04.31 -14 19 15.98 2000
HD 67796        08 09 09.18 -14 34 56.64 2000
HD111998        12 53 11.17 -03 33 11.15 2000
HD 112992       13 00 35.95 -03 22 06.56 2000
HD153363        17 00 09.51 -24 59 20.65 2000
HD 153916       17 03 18.55 -24 59 43.96 2000
HD 153942       17 03 30.06 -24 14 28.91 2000
